12.281	12.281	12.281	10.048	10.048	10.048	8.932	8.932	8.932	11.165	11.165	11.165
10.272	10.272	10.272	8.404	8.404	8.404	7.470	7.470	7.470	9.338	9.338	9.338
17.082	17.082	17.082	13.976	13.976	13.976	12.423	12.423	12.423	15.529	15.529	15.529
50.576	50.576	50.576	41.381	41.381	41.381	36.783	36.783	36.783	45.979	45.979	45.979
14.403	14.403	14.403	11.784	11.784	11.784	10.475	10.475	10.475	13.093	13.093	13.093
60.625	60.625	60.625	49.602	49.602	49.602	44.091	44.091	44.091	55.113	55.113	55.113
40.082	40.082	40.082	32.794	32.794	32.794	29.150	29.150	29.150	36.438	36.438	36.438
158.205	158.205	158.205	129.440	129.440	129.440	115.058	115.058	115.058	143.823	143.823	143.823
35.281	35.281	35.281	28.866	28.866	28.866	25.659	25.659	25.659	32.073	32.073	32.073
84.741	84.741	84.741	69.333	69.333	69.333	61.630	61.630	61.630	77.037	77.037	77.037
36.174	36.174	36.174	29.597	29.597	29.597	26.308	26.308	26.308	32.885	32.885	32.885
61.183	61.183	61.183	50.059	50.059	50.059	44.497	44.497	44.497	55.621	55.621	55.621
36.397	36.397	36.397	29.779	29.779	29.779	26.471	26.471	26.471	33.088	33.088	33.088
40.863	40.863	40.863	33.433	33.433	33.433	29.719	29.719	29.719	37.148	37.148	37.148
47.674	47.674	47.674	39.006	39.006	39.006	34.672	34.672	34.672	43.340	43.340	43.340
32.936	32.936	32.936	26.948	26.948	26.948	23.954	23.954	23.954	29.942	29.942	29.942
29.922	29.922	29.922	24.481	24.481	24.481	21.761	21.761	21.761	27.201	27.201	27.201
36.174	36.174	36.174	29.597	29.597	29.597	26.308	26.308	26.308	32.885	32.885	32.885
49.795	49.795	49.795	40.741	40.741	40.741	36.214	36.214	36.214	45.268	45.268	45.268
52.474	52.474	52.474	42.934	42.934	42.934	38.163	38.163	38.163	47.704	47.704	47.704
47.171	47.171	47.171	38.595	38.595	38.595	34.306	34.306	34.306	42.883	42.883	42.883
13.509	13.509	13.509	11.053	11.053	11.053	9.825	9.825	9.825	12.281	12.281	12.281
11.299	11.299	11.299	9.244	9.244	9.244	8.217	8.217	8.217	10.272	10.272	10.272
18.790	18.790	18.790	15.374	15.374	15.374	13.666	13.666	13.666	17.082	17.082	17.082
55.634	55.634	55.634	45.519	45.519	45.519	40.461	40.461	40.461	50.576	50.576	50.576
15.843	15.843	15.843	12.962	12.962	12.962	11.522	11.522	11.522	14.403	14.403	14.403
66.687	66.687	66.687	54.562	54.562	54.562	48.500	48.500	48.500	60.625	60.625	60.625
44.090	44.090	44.090	36.073	36.073	36.073	32.065	32.065	32.065	40.082	40.082	40.082
174.025	174.025	174.025	142.384	142.384	142.384	126.564	126.564	126.564	158.205	158.205	158.205
38.809	38.809	38.809	31.753	31.753	31.753	28.225	28.225	28.225	35.281	35.281	35.281
93.215	93.215	93.215	76.267	76.267	76.267	67.792	67.792	67.792	84.741	84.741	84.741
39.791	39.791	39.791	32.556	32.556	32.556	28.939	28.939	28.939	36.174	36.174	36.174
67.301	67.301	67.301	55.065	55.065	55.065	48.946	48.946	48.946	61.183	61.183	61.183
40.037	40.037	40.037	32.757	32.757	32.757	29.118	29.118	29.118	36.397	36.397	36.397
44.949	44.949	44.949	36.777	36.777	36.777	32.690	32.690	32.690	40.863	40.863	40.863
52.441	52.441	52.441	42.906	42.906	42.906	38.139	38.139	38.139	47.674	47.674	47.674
36.230	36.230	36.230	29.642	29.642	29.642	26.349	26.349	26.349	32.936	32.936	32.936
32.914	32.914	32.914	26.929	26.929	26.929	23.937	23.937	23.937	29.922	29.922	29.922
39.791	39.791	39.791	32.556	32.556	32.556	28.939	28.939	28.939	36.174	36.174	36.174
54.774	54.774	54.774	44.815	44.815	44.815	39.836	39.836	39.836	49.795	49.795	49.795
57.722	57.722	57.722	47.227	47.227	47.227	41.980	41.980	41.980	52.474	52.474	52.474
51.888	51.888	51.888	42.454	42.454	42.454	37.737	37.737	37.737	47.171	47.171	47.171
14.737	14.737	14.737	12.058	12.058	12.058	10.718	10.718	10.718	13.398	13.398	13.398
12.326	12.326	12.326	10.085	10.085	10.085	8.964	8.964	8.964	11.205	11.205	11.205
20.499	20.499	20.499	16.772	16.772	16.772	14.908	14.908	14.908	18.635	18.635	18.635
60.692	60.692	60.692	49.657	49.657	49.657	44.139	44.139	44.139	55.174	55.174	55.174
17.283	17.283	17.283	14.141	14.141	14.141	12.570	12.570	12.570	15.712	15.712	15.712
72.750	72.750	72.750	59.522	59.522	59.522	52.909	52.909	52.909	66.136	66.136	66.136
48.098	48.098	48.098	39.353	39.353	39.353	34.980	34.980	34.980	43.725	43.725	43.725
189.846	189.846	189.846	155.328	155.328	155.328	138.070	138.070	138.070	172.587	172.587	172.587
42.337	42.337	42.337	34.639	34.639	34.639	30.790	30.790	30.790	38.488	38.488	38.488
101.689	101.689	101.689	83.200	83.200	83.200	73.955	73.955	73.955	92.444	92.444	92.444
43.409	43.409	43.409	35.516	35.516	35.516	31.570	31.570	31.570	39.462	39.462	39.462
73.420	73.420	73.420	60.071	60.071	60.071	53.396	53.396	53.396	66.745	66.745	66.745
43.677	43.677	43.677	35.735	35.735	35.735	31.765	31.765	31.765	39.706	39.706	39.706
49.036	49.036	49.036	40.120	40.120	40.120	35.662	35.662	35.662	44.578	44.578	44.578
57.208	57.208	57.208	46.807	46.807	46.807	41.606	41.606	41.606	52.008	52.008	52.008
39.523	39.523	39.523	32.337	32.337	32.337	28.744	28.744	28.744	35.930	35.930	35.930
35.906	35.906	35.906	29.378	29.378	29.378	26.113	26.113	26.113	32.642	32.642	32.642
43.409	43.409	43.409	35.516	35.516	35.516	31.570	31.570	31.570	39.462	39.462	39.462
59.754	59.754	59.754	48.890	48.890	48.890	43.457	43.457	43.457	54.322	54.322	54.322
62.969	62.969	62.969	51.520	51.520	51.520	45.796	45.796	45.796	57.245	57.245	57.245
56.605	56.605	56.605	46.314	46.314	46.314	41.168	41.168	41.168	51.459	51.459	51.459
15.966	15.966	15.966	13.063	13.063	13.063	11.611	11.611	11.611	14.514	14.514	14.514
13.353	13.353	13.353	10.925	10.925	10.925	9.711	9.711	9.711	12.139	12.139	12.139
22.207	22.207	22.207	18.169	18.169	18.169	16.150	16.150	16.150	20.188	20.188	20.188
65.749	65.749	65.749	53.795	53.795	53.795	47.818	47.818	47.818	59.772	59.772	59.772
18.723	18.723	18.723	15.319	15.319	15.319	13.617	13.617	13.617	17.021	17.021	17.021
78.812	78.812	78.812	64.483	64.483	64.483	57.318	57.318	57.318	71.647	71.647	71.647
52.106	52.106	52.106	42.632	42.632	42.632	37.895	37.895	37.895	47.369	47.369	47.369
205.666	205.666	205.666	168.272	168.272	168.272	149.575	149.575	149.575	186.969	186.969	186.969
45.865	45.865	45.865	37.526	37.526	37.526	33.356	33.356	33.356	41.695	41.695	41.695
110.163	110.163	110.163	90.133	90.133	90.133	80.118	80.118	80.118	100.148	100.148	100.148
47.026	47.026	47.026	38.476	38.476	38.476	34.201	34.201	34.201	42.751	42.751	42.751
79.538	79.538	79.538	65.076	65.076	65.076	57.846	57.846	57.846	72.307	72.307	72.307
47.316	47.316	47.316	38.713	38.713	38.713	34.412	34.412	34.412	43.015	43.015	43.015
53.122	53.122	53.122	43.463	43.463	43.463	38.634	38.634	38.634	48.293	48.293	48.293
61.976	61.976	61.976	50.707	50.707	50.707	45.073	45.073	45.073	56.341	56.341	56.341
42.817	42.817	42.817	35.032	35.032	35.032	31.140	31.140	31.140	38.924	38.924	38.924
38.898	38.898	38.898	31.826	31.826	31.826	28.290	28.290	28.290	35.362	35.362	35.362
47.026	47.026	47.026	38.476	38.476	38.476	34.201	34.201	34.201	42.751	42.751	42.751
64.733	64.733	64.733	52.964	52.964	52.964	47.079	47.079	47.079	58.848	58.848	58.848
68.217	68.217	68.217	55.814	55.814	55.814	49.612	49.612	49.612	62.015	62.015	62.015
61.323	61.323	61.323	50.173	50.173	50.173	44.598	44.598	44.598	55.748	55.748	55.748
17.194	17.194	17.194	14.068	14.068	14.068	12.505	12.505	12.505	15.631	15.631	15.631
14.380	14.380	14.380	11.766	11.766	11.766	10.458	10.458	10.458	13.073	13.073	13.073
23.915	23.915	23.915	19.567	19.567	19.567	17.393	17.393	17.393	21.741	21.741	21.741
70.807	70.807	70.807	57.933	57.933	57.933	51.496	51.496	51.496	64.370	64.370	64.370
20.164	20.164	20.164	16.497	16.497	16.497	14.664	14.664	14.664	18.331	18.331	18.331
84.875	84.875	84.875	69.443	69.443	69.443	61.727	61.727	61.727	77.159	77.159	77.159
56.114	56.114	56.114	45.912	45.912	45.912	40.810	40.810	40.810	51.013	51.013	51.013
221.487	221.487	221.487	181.216	181.216	181.216	161.081	161.081	161.081	201.352	201.352	201.352
49.393	49.393	49.393	40.412	40.412	40.412	35.922	35.922	35.922	44.903	44.903	44.903
118.637	118.637	118.637	97.067	97.067	97.067	86.281	86.281	86.281	107.852	107.852	107.852
50.643	50.643	50.643	41.436	41.436	41.436	36.832	36.832	36.832	46.039	46.039	46.039
85.656	85.656	85.656	70.082	70.082	70.082	62.295	62.295	62.295	77.869	77.869	77.869
50.956	50.956	50.956	41.691	41.691	41.691	37.059	37.059	37.059	46.324	46.324	46.324
57.208	57.208	57.208	46.807	46.807	46.807	41.606	41.606	41.606	52.008	52.008	52.008
66.743	66.743	66.743	54.608	54.608	54.608	48.540	48.540	48.540	60.675	60.675	60.675
46.111	46.111	46.111	37.727	37.727	37.727	33.535	33.535	33.535	41.919	41.919	41.919
41.890	41.890	41.890	34.274	34.274	34.274	30.466	30.466	30.466	38.082	38.082	38.082
50.643	50.643	50.643	41.436	41.436	41.436	36.832	36.832	36.832	46.039	46.039	46.039
69.713	69.713	69.713	57.038	57.038	57.038	50.700	50.700	50.700	63.375	63.375	63.375
73.464	73.464	73.464	60.107	60.107	60.107	53.429	53.429	53.429	66.786	66.786	66.786
66.040	66.040	66.040	54.032	54.032	54.032	48.029	48.029	48.029	60.036	60.036	60.036
11.053	11.053	11.053	9.043	9.043	9.043	8.039	8.039	8.039	10.048	10.048	10.048
9.244	9.244	9.244	7.564	7.564	7.564	6.723	6.723	6.723	8.404	8.404	8.404
15.374	15.374	15.374	12.579	12.579	12.579	11.181	11.181	11.181	13.976	13.976	13.976
45.519	45.519	45.519	37.243	37.243	37.243	33.105	33.105	33.105	41.381	41.381	41.381
12.962	12.962	12.962	10.606	10.606	10.606	9.427	9.427	9.427	11.784	11.784	11.784
54.562	54.562	54.562	44.642	44.642	44.642	39.682	39.682	39.682	49.602	49.602	49.602
36.073	36.073	36.073	29.515	29.515	29.515	26.235	26.235	26.235	32.794	32.794	32.794
142.384	142.384	142.384	116.496	116.496	116.496	103.552	103.552	103.552	129.440	129.440	129.440
31.753	31.753	31.753	25.979	25.979	25.979	23.093	23.093	23.093	28.866	28.866	28.866
76.267	76.267	76.267	62.400	62.400	62.400	55.467	55.467	55.467	69.333	69.333	69.333
32.556	32.556	32.556	26.637	26.637	26.637	23.677	23.677	23.677	29.597	29.597	29.597
55.065	55.065	55.065	45.053	45.053	45.053	40.047	40.047	40.047	50.059	50.059	50.059
32.757	32.757	32.757	26.802	26.802	26.802	23.824	23.824	23.824	29.779	29.779	29.779
36.777	36.777	36.777	30.090	30.090	30.090	26.747	26.747	26.747	33.433	33.433	33.433
42.906	42.906	42.906	35.105	35.105	35.105	31.205	31.205	31.205	39.006	39.006	39.006
29.642	29.642	29.642	24.253	24.253	24.253	21.558	21.558	21.558	26.948	26.948	26.948
26.929	26.929	26.929	22.033	22.033	22.033	19.585	19.585	19.585	24.481	24.481	24.481
32.556	32.556	32.556	26.637	26.637	26.637	23.677	23.677	23.677	29.597	29.597	29.597
44.815	44.815	44.815	36.667	36.667	36.667	32.593	32.593	32.593	40.741	40.741	40.741
47.227	47.227	47.227	38.640	38.640	38.640	34.347	34.347	34.347	42.934	42.934	42.934
42.454	42.454	42.454	34.735	34.735	34.735	30.876	30.876	30.876	38.595	38.595	38.595
9.825	9.825	9.825	8.039	8.039	8.039	7.145	7.145	7.145	8.932	8.932	8.932
8.217	8.217	8.217	6.723	6.723	6.723	5.976	5.976	5.976	7.470	7.470	7.470
13.666	13.666	13.666	11.181	11.181	11.181	9.939	9.939	9.939	12.423	12.423	12.423
40.461	40.461	40.461	33.105	33.105	33.105	29.426	29.426	29.426	36.783	36.783	36.783
11.522	11.522	11.522	9.427	9.427	9.427	8.380	8.380	8.380	10.475	10.475	10.475
48.500	48.500	48.500	39.682	39.682	39.682	35.273	35.273	35.273	44.091	44.091	44.091
32.065	32.065	32.065	26.235	26.235	26.235	23.320	23.320	23.320	29.150	29.150	29.150
126.564	126.564	126.564	103.552	103.552	103.552	92.046	92.046	92.046	115.058	115.058	115.058
28.225	28.225	28.225	23.093	23.093	23.093	20.527	20.527	20.527	25.659	25.659	25.659
67.792	67.792	67.792	55.467	55.467	55.467	49.304	49.304	49.304	61.630	61.630	61.630
28.939	28.939	28.939	23.677	23.677	23.677	21.047	21.047	21.047	26.308	26.308	26.308
48.946	48.946	48.946	40.047	40.047	40.047	35.597	35.597	35.597	44.497	44.497	44.497
29.118	29.118	29.118	23.824	23.824	23.824	21.177	21.177	21.177	26.471	26.471	26.471
32.690	32.690	32.690	26.747	26.747	26.747	23.775	23.775	23.775	29.719	29.719	29.719
38.139	38.139	38.139	31.205	31.205	31.205	27.737	27.737	27.737	34.672	34.672	34.672
26.349	26.349	26.349	21.558	21.558	21.558	19.163	19.163	19.163	23.954	23.954	23.954
23.937	23.937	23.937	19.585	19.585	19.585	17.409	17.409	17.409	21.761	21.761	21.761
28.939	28.939	28.939	23.677	23.677	23.677	21.047	21.047	21.047	26.308	26.308	26.308
39.836	39.836	39.836	32.593	32.593	32.593	28.972	28.972	28.972	36.214	36.214	36.214
41.980	41.980	41.980	34.347	34.347	34.347	30.531	30.531	30.531	38.163	38.163	38.163
37.737	37.737	37.737	30.876	30.876	30.876	27.445	27.445	27.445	34.306	34.306	34.306
8.597	8.597	8.597	7.034	7.034	7.034	6.252	6.252	6.252	7.815	7.815	7.815
7.190	7.190	7.190	5.883	5.883	5.883	5.229	5.229	5.229	6.536	6.536	6.536
11.957	11.957	11.957	9.783	9.783	9.783	8.696	8.696	8.696	10.870	10.870	10.870
35.403	35.403	35.403	28.966	28.966	28.966	25.748	25.748	25.748	32.185	32.185	32.185
10.082	10.082	10.082	8.249	8.249	8.249	7.332	7.332	7.332	9.165	9.165	9.165
42.437	42.437	42.437	34.721	34.721	34.721	30.863	30.863	30.863	38.579	38.579	38.579
28.057	28.057	28.057	22.956	22.956	22.956	20.405	20.405	20.405	25.506	25.506	25.506
110.743	110.743	110.743	90.608	90.608	90.608	80.541	80.541	80.541	100.676	100.676	100.676
24.696	24.696	24.696	20.206	20.206	20.206	17.961	17.961	17.961	22.451	22.451	22.451
59.318	59.318	59.318	48.533	48.533	48.533	43.141	43.141	43.141	53.926	53.926	53.926
25.322	25.322	25.322	20.718	20.718	20.718	18.416	18.416	18.416	23.020	23.020	23.020
42.828	42.828	42.828	35.041	35.041	35.041	31.148	31.148	31.148	38.935	38.935	38.935
25.478	25.478	25.478	20.846	20.846	20.846	18.529	18.529	18.529	23.162	23.162	23.162
28.604	28.604	28.604	23.403	23.403	23.403	20.803	20.803	20.803	26.004	26.004	26.004
33.372	33.372	33.372	27.304	27.304	27.304	24.270	24.270	24.270	30.338	30.338	30.338
23.055	23.055	23.055	18.863	18.863	18.863	16.767	16.767	16.767	20.959	20.959	20.959
20.945	20.945	20.945	17.137	17.137	17.137	15.233	15.233	15.233	19.041	19.041	19.041
25.322	25.322	25.322	20.718	20.718	20.718	18.416	18.416	18.416	23.020	23.020	23.020
34.856	34.856	34.856	28.519	28.519	28.519	25.350	25.350	25.350	31.688	31.688	31.688
36.732	36.732	36.732	30.054	30.054	30.054	26.714	26.714	26.714	33.393	33.393	33.393
33.020	33.020	33.020	27.016	27.016	27.016	24.014	24.014	24.014	30.018	30.018	30.018
7.369	7.369	7.369	6.029	6.029	6.029	5.359	5.359	5.359	6.699	6.699	6.699
6.163	6.163	6.163	5.042	5.042	5.042	4.482	4.482	4.482	5.603	5.603	5.603
10.249	10.249	10.249	8.386	8.386	8.386	7.454	7.454	7.454	9.318	9.318	9.318
30.346	30.346	30.346	24.828	24.828	24.828	22.070	22.070	22.070	27.587	27.587	27.587
8.642	8.642	8.642	7.070	7.070	7.070	6.285	6.285	6.285	7.856	7.856	7.856
36.375	36.375	36.375	29.761	29.761	29.761	26.454	26.454	26.454	33.068	33.068	33.068
24.049	24.049	24.049	19.676	19.676	19.676	17.490	17.490	17.490	21.863	21.863	21.863
94.923	94.923	94.923	77.664	77.664	77.664	69.035	69.035	69.035	86.294	86.294	86.294
21.168	21.168	21.168	17.320	17.320	17.320	15.395	15.395	15.395	19.244	19.244	19.244
50.844	50.844	50.844	41.600	41.600	41.600	36.978	36.978	36.978	46.222	46.222	46.222
21.704	21.704	21.704	17.758	17.758	17.758	15.785	15.785	15.785	19.731	19.731	19.731
36.710	36.710	36.710	30.035	30.035	30.035	26.698	26.698	26.698	33.373	33.373	33.373
21.838	21.838	21.838	17.868	17.868	17.868	15.882	15.882	15.882	19.853	19.853	19.853
24.518	24.518	24.518	20.060	20.060	20.060	17.831	17.831	17.831	22.289	22.289	22.289
28.604	28.604	28.604	23.403	23.403	23.403	20.803	20.803	20.803	26.004	26.004	26.004
19.762	19.762	19.762	16.169	16.169	16.169	14.372	14.372	14.372	17.965	17.965	17.965
17.953	17.953	17.953	14.689	14.689	14.689	13.057	13.057	13.057	16.321	16.321	16.321
21.704	21.704	21.704	17.758	17.758	17.758	15.785	15.785	15.785	19.731	19.731	19.731
29.877	29.877	29.877	24.445	24.445	24.445	21.729	21.729	21.729	27.161	27.161	27.161
31.485	31.485	31.485	25.760	25.760	25.760	22.898	22.898	22.898	28.622	28.622	28.622
28.303	28.303	28.303	23.157	23.157	23.157	20.584	20.584	20.584	25.730	25.730	25.730
6.141	6.141	6.141	5.024	5.024	5.024	4.466	4.466	4.466	5.582	5.582	5.582
5.136	5.136	5.136	4.202	4.202	4.202	3.735	3.735	3.735	4.669	4.669	4.669
8.541	8.541	8.541	6.988	6.988	6.988	6.212	6.212	6.212	7.765	7.765	7.765
25.288	25.288	25.288	20.690	20.690	20.690	18.391	18.391	18.391	22.989	22.989	22.989
7.201	7.201	7.201	5.892	5.892	5.892	5.237	5.237	5.237	6.547	6.547	6.547
30.312	30.312	30.312	24.801	24.801	24.801	22.045	22.045	22.045	27.557	27.557	27.557
20.041	20.041	20.041	16.397	16.397	16.397	14.575	14.575	14.575	18.219	18.219	18.219
79.102	79.102	79.102	64.720	64.720	64.720	57.529	57.529	57.529	71.911	71.911	71.911
17.640	17.640	17.640	14.433	14.433	14.433	12.829	12.829	12.829	16.037	16.037	16.037
42.370	42.370	42.370	34.667	34.667	34.667	30.815	30.815	30.815	38.518	38.518	38.518
18.087	18.087	18.087	14.798	14.798	14.798	13.154	13.154	13.154	16.443	16.443	16.443
30.591	30.591	30.591	25.029	25.029	25.029	22.248	22.248	22.248	27.810	27.810	27.810
18.199	18.199	18.199	14.890	14.890	14.890	13.235	13.235	13.235	16.544	16.544	16.544
20.432	20.432	20.432	16.717	16.717	16.717	14.859	14.859	14.859	18.574	18.574	18.574
23.837	23.837	23.837	19.503	19.503	19.503	17.336	17.336	17.336	21.670	21.670	21.670
16.468	16.468	16.468	13.474	13.474	13.474	11.977	11.977	11.977	14.971	14.971	14.971
14.961	14.961	14.961	12.241	12.241	12.241	10.881	10.881	10.881	13.601	13.601	13.601
18.087	18.087	18.087	14.798	14.798	14.798	13.154	13.154	13.154	16.443	16.443	16.443
24.897	24.897	24.897	20.371	20.371	20.371	18.107	18.107	18.107	22.634	22.634	22.634
26.237	26.237	26.237	21.467	21.467	21.467	19.082	19.082	19.082	23.852	23.852	23.852
23.586	23.586	23.586	19.297	19.297	19.297	17.153	17.153	17.153	21.441	21.441	21.441
